44809	0	0	0	160	0	0	1	1	0	933660	
44810	0	0	0	160	0	0	1	1	0	933682	
44811	0	0	0	160	0	0	1	1	0	933700	
44812	0	0	0	160	0	0	1	1	0	933721	
44813	0	0	0	160	0	0	1	1	0	933741	
44814	0	0	0	160	0	0	1	1	0	933760	
44815	0	0	0	160	0	0	1	1	0	933780	
44816	0	0	0	160	0	0	1	1	0	933801	
44817	0	0	0	160	0	0	1	1	0	933820	
44818	0	0	0	1150	0	0	1	1	0	933840	
44819	0	0	0	1150	0	0	1	1	0	933860	
44820	0	0	0	1150	0	0	1	1	0	933880	
44821	0	0	0	1150	0	0	1	1	0	933900	
44899	0	0	0	1150	0	0	0	1	0	935460	
44900	0	-0.008	0	1150	0	0	0	1	0	935480	
44901	0	-0.033	0	1150	0	0	0	1	0	935500	
44902	0	-0.052	0	1150	0	0	0	1	0	935520	
44903	0	-0.052	0	1150	0	0	0	1	0	935540	
44904	0	-0.094	0	1150	0	0	0	1	0	935560	
44905	0	-0.131	0	1150	0	0	0	1	0	935580	
44906	0	-0.131	0	1150	0	0	0	1	0	935600	
44907	0	-0.131	0	1150	0	0	0	1	0	935620	
44908	0	-0.131	0	1150	0	0	0	1	0	935640	
44909	0	-0.149	0	1150	0	0	0	1	0	935661	
44910	0	-0.149	0	1150	0	0	0	1	0	935680	
44911	0	-0.149	0	1150	0	0	0	1	0	935700	
44912	0	-0.149	0	1150	0	0	0	1	0	935720	
44913	0	-0.149	0	1150	0	0	0	1	0	935741	
44914	0	-0.149	0	1150	0	0	0	1	0	935760	
44915	0	-0.149	0	1150	0	0	0	1	0	935780	
44916	0	-0.149	0	1150	0	0	0	1	0	935800	
44917	0	-0.149	0	1150	0	0	0	1	0	935821	
44918	0	-0.149	0	1150	0	0	0	1	0	935840	
44919	0	-0.104	0	1150	0	0	0	1	0	935860	
44920	0	-0.104	0	1150	0	0	0	1	0	935880	
44921	0	-0.06	0	1150	0	0	0	1	0	935901	
44922	0	-0.06	8	1150	0	0	0	1	0	935923	
44923	0	-0.052	8	1150	0	0	0	1	0	935940	
44924	0	-0.042	8	1150	0	0	0	1	0	935960	
44925	0	-0.033	8	1150	0	0	0	1	0	935981	
44926	0	-0.033	8	1150	0	0	0	1	0	936000	
44927	0	-0.033	18	1150	0	0	0	1	0	936020	
44928	0	-0.027	18	1150	0	0	0	1	0	936040	
44929	0	-0.027	18	1150	0	0	0	1	0	936061	
44930	0	-0.027	18	1150	0	0	0	1	0	936080	
44931	0	-0.027	18	1150	0	0	0	1	0	936101	
44932	0	-0.02	34	1150	0	0	0	1	0	936120	
44933	0	-0.02	34	1150	0	0	0	1	0	936141	
44934	0	-0.02	34	1150	0	0	0	1	0	936160	
44935	0	-0.02	34	1150	0	0	0	1	0	936180	
44936	0	-0.016	34	1150	0	0	0	1	0	936201	
44937	0	-0.01	58	1150	0	0	0	1	0	936220	
44938	0	-0.01	58	1150	0	0	0	1	0	936240	
44939	0	-0.01	58	1150	0	0	0	1	0	936260	
44940	0	-0.01	58	1150	0	0	0	1	0	936280	
44941	0	-0.01	58	1150	0	0	0	1	0	936300	
44942	0	-0.01	78	1150	0	0	0	1	0	936320	
44943	0	-0.01	78	1150	0	0	0	1	0	936341	
44944	0	-0.01	78	1150	0	0	0	1	0	936360	
44945	0	-0.01	78	1150	0	0	0	1	0	936381	
44946	0	-0.01	78	1150	0	0	0	1	0	936400	
44947	0	-0.01	82	1150	0	0	0	1	0	936421	
44948	0	-0.01	82	1150	0	0	0	1	0	936440	
44949	0	-0.008	82	1150	0	0	0	1	0	936460	
44950	0	-0.008	82	1150	0	0	0	1	0	936481	
44951	0	-0.004	82	1150	0	0	0	1	0	936501	
44973	0	0	82	1150	0	0	0	1	0	936943	
44974	0	0	82	1150	0	0	0	1	0	936961	
44975	0	0	82	1150	0	0	0	1	0	936981	
44976	0	0	82	1150	0	0	0	1	0	937000	
44977	0	0	82	1150	0	0	0	1	0	937020	
44978	0	0	82	1150	0	0	0	1	0	937043	
44979	0	0	82	1150	0	0	0	1	0	937060	
44980	0	0	82	1150	0	0	0	1	0	937080	
44981	0	0	82	1150	0	0	0	1	0	937100	
44982	0	0	82	1150	0	0	0	1	0	937121	
44983	0	0	82	1150	0	0	0	1	0	937140	
44984	0	0	82	1150	0	0	0	1	0	937161	
44985	0	0	82	1150	0	0	0	1	0	937181	
44986	0	0	82	1150	0	0	0	1	0	937200	
44987	0	0	78	1150	0	0	0	1	0	937223	
44988	0	0	78	1150	0	0	0	1	0	937241	
44989	0	0	78	1150	0	0	0	1	0	937261	
44990	0	0	78	1150	0	0	0	1	0	937280	
44991	0	0	78	1150	0	0	0	1	0	937300	
44992	0	0	77	1150	0	0	0	1	0	937320	
44993	0	0	75	1150	0	0	0	1	0	937341	
44994	0	0	74	1150	0	0	0	1	0	937360	
44995	0	0	70	1150	0	0	0	1	0	937381	
44996	0	0	65	1150	0	0	0	1	0	937400	
44997	0	0	60	1150	0	0	0	1	0	937420	
44998	0	0	58	1150	0	0	0	1	0	937443	
44999	0	0	54	1150	0	0	0	1	0	937461	
45000	0	0	52	1150	0	0	0	1	0	937480	
45001	0	0	48	1150	0	0	0	1	0	937501	
45002	0	0	44	1150	0	0	0	1	0	937520	
45003	0	0	38	1150	0	0	0	1	0	937542	
45004	0	0	33	1150	0	0	0	1	0	937560	
45005	0	0	25	1150	0	0	0	1	0	937581	
45006	0	0	23	1150	0	0	0	1	0	937601	
45007	0	0	20	1150	0	0	0	1	0	937620	
45008	0	0	17	1150	0	0	0	1	0	937641	
45009	0	0	15	1150	0	0	0	1	0	937660	
45010	0	0	13	1150	0	0	0	1	0	937680	
45011	0	0	12	1150	0	0	0	1	0	937702	
45012	0	0	11	1150	0	0	0	1	0	937721	
45013	0	0	9	1150	0	0	0	1	0	937740	
45014	0	0	8	1150	0	0	0	1	0	937760	
45015	0	0	7	1150	0	0	0	1	0	937780	
45016	0	0	6	1150	0	0	0	1	0	937803	
45017	0	0	5	1150	0	0	0	1	0	937821	
45018	0	0	4	1150	0	0	0	1	0	937840	
45019	0	0	4	1150	0	0	0	1	0	937860	
45020	0	0	4	1150	0	0	0	1	0	937880	
45021	0	0	4	1150	0	0	0	1	0	937902	
45022	0	0	4	800	0	0	0	1	0	937921	
45023	0	0	4	800	0	0	0	1	0	937940	
45024	0	0	4	800	0	0	0	1	0	937961	
45025	0	0	4	800	0	0	0	1	0	937980	
45026	0	0	3	800	0	0	0	1	0	938003	
45112	0	-0.06	3	800	0	0	0	1	0	939721	
45120	0	-0.072	3	800	0	0	0	1	0	939881	
45121	0	-0.072	3	800	0	0	0	1	0	939900	
45122	0	-0.08	3	800	0	0	0	1	0	939921	
45123	0	-0.08	3	800	0	0	0	1	0	939940	
45124	0	-0.08	2	800	0	0	0	1	0	939960	
45146	0	-0.094	2	800	0	0	0	1	0	940400	
45147	0	-0.094	2	800	0	0	0	1	0	940420	
45148	0	-0.104	2	800	0	0	0	1	0	940441	
45149	0	-0.104	1	800	0	0	0	1	0	940460	
45150	0	-0.104	1	800	0	0	0	1	0	940480	
45151	0	-0.131	1	800	0	0	0	1	0	940501	
45156	0	-0.149	1	800	0	0	0	1	0	940600	
45157	0	-0.149	1	800	0	0	0	1	0	940620	
45158	0	-0.161	1	800	0	0	0	1	0	940640	
45159	0	-0.181	0	800	0	0	0	1	0	940660	
45160	0	-0.181	0	800	0	0	0	1	0	940680	
45161	0	-0.181	0	800	0	0	0	1	0	940700	
45162	0	-0.216	0	800	0	0	0	1	0	940721	
45164	0	-0.238	0	800	0	0	0	1	0	940761	
45164	0	-0.238	0	800	0	0	0	1	0	940761	
45182	0	-0.238	0	800	0	0	0	1	0	941120	
45182	0	-0.238	0	800	0	0	0	1	0	941120	
45165	0	-0.238	0	800	0	0	0	1	0	940780	
45182	0	-0.238	0	800	0	0	0	1	0	941120	
45166	0	-0.238	0	800	0	0	0	1	0	940801	
45167	0	-0.238	0	800	0	0	0	1	0	940820	
45168	0	-0.238	0	800	0	0	0	1	0	940840	
45169	0	-0.238	0	800	0	0	0	1	0	940860	
45170	0	-0.238	0	800	0	0	0	1	0	940880	
45171	0	-0.238	0	800	0	0	0	1	0	940900	
45172	0	-0.238	0	800	0	0	0	1	0	940921	
45173	0	-0.238	0	800	0	0	0	1	0	940940	
45174	0	-0.238	0	800	0	0	0	1	0	940960	
45175	0	-0.238	0	800	0	0	0	1	0	940981	
45176	0	-0.238	0	800	0	0	0	1	0	941001	
45177	0	-0.238	0	800	0	0	0	1	0	941020	
45178	0	-0.238	0	800	0	0	0	1	0	941040	
45179	0	-0.238	0	800	0	0	0	1	0	941060	
45180	0	-0.238	0	800	0	0	0	1	0	941080	
45181	0	-0.238	0	800	0	0	0	1	0	941101	
45182	0	-0.238	0	800	0	0	0	1	0	941120	
45182	0	-0.238	0	800	0	0	0	1	0	941120	
45182	0	-0.238	0	800	0	0	0	1	0	941120	
45182	0	-0.238	0	800	0	0	0	1	0	941120	
45182	0	-0.238	0	800	0	0	0	1	0	941120	
45182	0	-0.238	0	800	0	0	0	1	0	941120	
45182	0	-0.238	0	800	0	0	0	1	0	941120	
45182	0	-0.238	0	800	0	0	0	1	0	941120	
45182	0	-0.238	0	800	0	0	0	1	0	941120	
45182	0	-0.238	0	800	0	0	0	1	0	941120	
45182	0	-0.238	0	800	0	0	0	1	0	941120	
45182	0	-0.238	0	800	0	0	0	1	0	941120	
45182	0	-0.238	0	800	0	0	0	1	0	941120	
45182	0	-0.238	0	800	0	0	0	1	0	941120	
45182	0	-0.238	0	800	0	0	0	1	0	941120	
45182	0	-0.238	0	800	0	0	0	1	0	941120	
45182	0	-0.238	0	800	0	0	0	1	0	941120	
45182	0	-0.238	0	800	0	0	0	1	0	941120	
45182	0	-0.238	0	800	0	0	0	1	0	941120	
45182	0	-0.238	0	800	0	0	0	1	0	941120	
45182	0	-0.238	0	800	0	0	0	1	0	941120	
45182	0	-0.238	0	800	0	0	0	1	0	941120	
45182	0	-0.238	0	800	0	0	0	1	0	941120	
45182	0	-0.238	0	800	0	0	0	1	0	941120	
45182	0	-0.238	0	800	0	0	0	1	0	941120	
45182	0	-0.238	0	800	0	0	0	1	0	941120	
45183	0	-0.094	0	800	0	0	0	1	0	941141	
45183	0	-0.094	0	800	0	0	0	1	0	941141	
45183	0	-0.094	0	800	0	0	0	1	0	941141	
45242	0	-0.15	0	800	1	0	0	1	0	942320	
45243	0	-0.15	0	800	1	0	0	1	0	942341	
45244	0	-0.15	0	800	1	0	0	1	0	942360	
45245	0	-0.15	0	800	1	0	0	1	0	942381	
45246	0	-0.15	0	800	1	0	0	1	0	942402	
45247	0	-0.15	0	800	1	0	0	1	0	942421	
45248	0	-0.15	0	800	1	0	0	1	0	942440	
45249	0	-0.15	0	800	1	0	0	1	0	942461	
45250	0	-0.15	0	800	1	0	0	1	0	942480	
45251	0	-0.15	0	800	1	0	0	1	0	942504	
45252	0	-0.15	0	800	1	0	0	1	0	942520	
45253	0	-0.15	0	800	1	0	0	1	0	942540	
45254	0	-0.15	0	800	1	0	0	1	0	942560	
45255	0	-0.15	0	800	1	0	0	1	0	942580	
45256	0	-0.15	0	800	1	0	0	1	0	942600	
45257	0	-0.15	0	800	1	0	0	1	0	942621	
45258	0	-0.15	0	800	1	0	0	1	0	942640	
45259	0	-0.15	0	800	1	0	0	1	0	942660	
45260	0	-0.15	0	800	1	0	0	1	0	942683	
45261	0	-0.15	0	800	1	0	0	1	0	942701	
45262	0	-0.15	0	800	1	0	0	1	0	942721	
45263	0	-0.15	0	800	1	0	0	1	0	942740	
45264	0	-0.15	0	800	1	0	0	1	0	942762	
45265	0	-0.15	0	800	1	0	0	1	0	942780	
45266	0	-0.15	0	800	1	0	0	1	0	942801	
45267	0	-0.15	0	800	1	0	0	1	0	942821	
45268	0	-0.15	0	800	1	0	0	1	0	942840	
45269	0	-0.15	0	800	1	0	0	1	0	942860	
45270	0	-0.15	0	800	1	0	0	1	0	942881	
45271	0	-0.15	0	800	1	0	0	1	0	942900	
45272	0	-0.15	0	800	1	0	0	1	0	942920	
45273	0	-0.15	0	800	1	0	0	1	0	942941	
45274	0	-0.15	0	800	1	0	0	1	0	942960	
45275	0	-0.15	0	800	1	0	0	1	0	942981	
45276	0	-0.15	0	800	1	0	0	1	0	943000	
45277	0	-0.15	0	800	1	0	0	1	0	943020	
45278	0	-0.15	0	800	1	0	0	1	0	943040	
45279	0	-0.15	0	800	1	0	0	1	0	943063	
45280	0	-0.15	0	800	1	0	0	1	0	943080	
45281	0	-0.15	0	800	1	0	0	1	0	943101	
45282	0	-0.15	0	783.404	1	0	0	1	0	943120	
45283	0	-0.15	0	753.404	1	0	0	1	0	943140	
45284	0	-0.15	0	727.505	1	0	0	1	0	943160	
45285	0	-0.15	0	703.333	1	0	0	1	0	943181	
45286	0	-0.15	0	703.333	0	0	0	1	0	943200	
45287	0	-0.15	0	681.637	0	0	0	1	0	943220	
45288	0	-0.15	0	661.52	0	0	0	1	0	943240	
45289	0	-0.15	0	641.402	0	0	0	1	0	943261	
45290	0	-0.052	0	622.05	0	0	0	1	0	943280	
45291	0	-0.052	0	622.05	0	0	0	1	0	943300	
45292	0	-0.042	0	603.45	0	0	0	1	0	943320	
45293	0	-0.02	0	584.85	0	0	0	1	0	943341	
45294	0	-0.01	0	566.25	0	0	0	1	0	943360	
45295	0	-0.008	0	547.65	0	0	0	1	0	943380	
45296	0	-0.008	0	547.65	0	0	0	1	0	943400	
45297	0	0	0	529.05	0	0	0	1	0	943421	
45298	0	0	0	510.45	0	0	0	1	0	943440	
45299	0	0	0	491.85	0	0	0	1	0	943461	
45300	0	0	0	474.708	0	0	0	1	0	943480	
45301	0	0	0	474.708	0	0	0	1	0	943501	
45302	0	0	0	458.273	0	0	0	1	0	943520	
45303	0	0	0	441.838	0	0	0	1	0	943540	
45304	0	0	0	425.403	0	0	0	1	0	943560	
45305	0	0	0	408.968	0	0	0	1	0	943580	
45306	0	0	0	408.968	0	0	0	1	0	943600	
45307	0	0	0	392.533	0	0	0	1	0	943620	
45308	0	0	0	376.098	0	0	0	1	0	943640	
45309	0	0	0	359.663	0	0	0	1	0	943660	
45310	0	0	0	343.228	0	0	0	1	0	943681	
45311	0	0	0	343.228	0	0	0	1	0	943700	
45312	0	0	0	326.793	0	0	0	1	0	943720	
45313	0	0	0	307.442	0	0	0	1	0	943740	
45314	0	0	0	284.11	0	0	0	1	0	943761	
45315	0	0	0	258.211	0	0	0	1	0	943780	
45316	0	0	0	258.211	0	0	0	1	0	943801	
45317	0	0	0	232.313	0	0	0	1	0	943820	
45318	0	0	0	206.414	0	0	0	1	0	943840	
45319	0	0	0	183.908	0	0	0	1	0	943860	
45320	0	0	0	164.556	0	0	0	1	0	943880	
45321	0	0	0	164.556	0	0	0	1	0	943901	
45322	0	0	0	151.432	0	0	0	1	0	943920	
45323	0	0	0	160	0	0	0	1	0	943940	
45324	0	0	0	160	0	0	0	1	0	943960	
45325	0	0	0	160	0	0	0	1	0	943980	
45326	0	0	0	160	0	0	0	1	0	944000	
45327	0	0	0	160	0	0	0	1	0	944020	
45328	0	0	0	160	0	0	0	1	0	944041	
45329	0	0	0	160	0	0	0	1	0	944060	
45330	0	0	0	160	0	0	0	1	0	944080	
45398	0	0	0	1150	0	0	0	1	0	945443	
45399	0	0	0	1150	0	0	0	1	0	945460	
45400	0	0	0	1150	0	0	0	1	0	945481	
45401	0	0	0	1150	0	0	0	1	0	945500	
45402	0	0	0	1150	0	0	0	1	0	945521	
45403	0	0	0	1150	0	0	0	1	0	945540	
45404	0	0	0	1150	0	0	0	1	0	945561	
45405	0	0	0	1150	0	0	0	1	0	945580	
45406	0	0	0	1150	0	0	0	1	0	945603	
45407	0	0	0	1150	0	0	0	1	0	945621	
45408	0	0	0	1150	0	0	0	1	0	945640	
45409	0	0	0	1150	0	0	0	1	0	945661	
45410	0	0	0	1150	0	0	0	1	0	945680	
45411	0	-0.004	0	1150	0	0	0	1	0	945701	
45412	0	-0.01	0	1150	0	0	0	1	0	945720	
45413	0	-0.02	0	1150	0	0	0	1	0	945741	
45414	0	-0.02	0	1150	0	0	0	1	0	945760	
45415	0	-0.02	0	1150	0	0	0	1	0	945781	
45416	0	-0.027	0	1150	0	0	0	1	0	945800	
45417	0	-0.027	0	1150	0	0	0	1	0	945822	
45418	0	-0.027	0	1150	0	0	0	1	0	945840	
45419	0	-0.027	0	1150	0	0	0	1	0	945860	
45420	0	-0.027	0	1150	0	0	0	1	0	945880	
45421	0	-0.027	0	1150	0	0	0	1	0	945901	
45422	0	-0.027	0	1150	0	0	0	1	0	945921	
45423	0	-0.027	0	1150	0	0	0	1	0	945941	
45424	0	-0.027	0	1150	0	0	0	1	0	945960	
45425	0	-0.027	0	1150	0	0	0	1	0	945981	
45426	0	-0.027	0	1150	0	0	0	1	0	946001	
45427	0	-0.033	0	1150	0	0	0	1	0	946021	
45428	0	-0.033	0	1150	0	0	0	1	0	946040	
45429	0	-0.033	0	1150	0	0	0	1	0	946061	
45430	0	-0.052	0	1150	0	0	0	1	0	946082	
45431	0	-0.06	0	1150	0	0	0	1	0	946102	
45432	0	-0.072	0	1150	0	0	0	1	0	946120	
45433	0	-0.072	0	1150	0	0	0	1	0	946141	
45434	0	-0.072	0	1150	0	0	0	1	0	946160	
45435	0	-0.072	0	1150	0	0	0	1	0	946181	
45436	0	-0.072	0	1150	0	0	0	1	0	946200	
45437	0	-0.072	0	1150	0	0	0	1	0	946220	
45438	0	-0.072	0	1150	0	0	0	1	0	946240	
45439	0	-0.072	0	1150	0	0	0	1	0	946260	
45440	0	-0.072	0	1150	0	0	0	1	0	946280	
45441	0	-0.072	0	1150	0	0	0	1	0	946301	
45442	0	-0.072	0	1150	0	0	0	1	0	946320	
45443	0	-0.072	0	1150	0	0	0	1	0	946340	
45444	0	-0.072	0	1150	0	0	0	1	0	946361	
45445	0	-0.072	0	1150	0	0	0	1	0	946381	
45446	0	-0.072	0	1150	0	0	0	1	0	946400	
45447	0	-0.072	0	1150	0	0	0	1	0	946420	
45448	0	-0.072	0	1150	0	0	0	1	0	946441	
45449	0	-0.072	0	1150	0	0	0	1	0	946460	
45450	0	-0.072	0	1150	0	0	0	1	0	946483	
45451	0	-0.072	0	1150	0	0	0	1	0	946501	
45452	0	-0.072	0	1150	0	0	0	1	0	946520	
45453	0	-0.072	0	1150	0	0	0	1	0	946540	
45454	0	-0.072	0	1150	0	0	0	1	0	946561	
45455	0	-0.072	0	1150	0	0	0	1	0	946580	
45456	0	-0.072	0	1150	0	0	0	1	0	946601	
45457	0	-0.072	0	1150	0	0	0	1	0	946621	
45458	0	-0.072	0	1150	0	0	0	1	0	946640	
44922	0	-0.06	8	1150	0	0	0	1	0	935923	
44923	0	-0.052	8	1150	0	0	0	1	0	935940	
44924	0	-0.042	8	1150	0	0	0	1	0	935960	
44925	0	-0.033	8	1150	0	0	0	1	0	935981	
44926	0	-0.033	8	1150	0	0	0	1	0	936000	
44927	0	-0.033	18	1150	0	0	0	1	0	936020	
44928	0	-0.027	18	1150	0	0	0	1	0	936040	
44929	0	-0.027	18	1150	0	0	0	1	0	936061	
44930	0	-0.027	18	1150	0	0	0	1	0	936080	
44931	0	-0.027	18	1150	0	0	0	1	0	936101	
44932	0	-0.02	34	1150	0	0	0	1	0	936120	
44933	0	-0.02	34	1150	0	0	0	1	0	936141	
44934	0	-0.02	34	1150	0	0	0	1	0	936160	
44935	0	-0.02	34	1150	0	0	0	1	0	936180	
44936	0	-0.016	34	1150	0	0	0	1	0	936201	
44937	0	-0.01	58	1150	0	0	0	1	0	936220	
44938	0	-0.01	58	1150	0	0	0	1	0	936240	
44939	0	-0.01	58	1150	0	0	0	1	0	936260	
44940	0	-0.01	58	1150	0	0	0	1	0	936280	
44941	0	-0.01	58	1150	0	0	0	1	0	936300	
44942	0	-0.01	78	1150	0	0	0	1	0	936320	
44943	0	-0.01	78	1150	0	0	0	1	0	936341	
44944	0	-0.01	78	1150	0	0	0	1	0	936360	
44945	0	-0.01	78	1150	0	0	0	1	0	936381	
44946	0	-0.01	78	1150	0	0	0	1	0	936400	
44947	0	-0.01	82	1150	0	0	0	1	0	936421	
44948	0	-0.01	82	1150	0	0	0	1	0	936440	
44949	0	-0.008	82	1150	0	0	0	1	0	936460	
44950	0	-0.008	82	1150	0	0	0	1	0	936481	
44951	0	-0.004	82	1150	0	0	0	1	0	936501	
44973	0	0	82	1150	0	0	0	1	0	936943	
44974	0	0	82	1150	0	0	0	1	0	936961	
44975	0	0	82	1150	0	0	0	1	0	936981	
44976	0	0	82	1150	0	0	0	1	0	937000	
44977	0	0	82	1150	0	0	0	1	0	937020	
44978	0	0	82	1150	0	0	0	1	0	937043	
44979	0	0	82	1150	0	0	0	1	0	937060	
44980	0	0	82	1150	0	0	0	1	0	937080	
44981	0	0	82	1150	0	0	0	1	0	937100	
44982	0	0	82	1150	0	0	0	1	0	937121	
44983	0	0	82	1150	0	0	0	1	0	937140	
44984	0	0	82	1150	0	0	0	1	0	937161	
44985	0	0	82	1150	0	0	0	1	0	937181	
44986	0	0	82	1150	0	0	0	1	0	937200	
44987	0	0	78	1150	0	0	0	1	0	937223	
44988	0	0	78	1150	0	0	0	1	0	937241	
44989	0	0	78	1150	0	0	0	1	0	937261	
44990	0	0	78	1150	0	0	0	1	0	937280	
44991	0	0	78	1150	0	0	0	1	0	937300	
44992	0	0	77	1150	0	0	0	1	0	937320	
44993	0	0	75	1150	0	0	0	1	0	937341	
44994	0	0	74	1150	0	0	0	1	0	937360	
44995	0	0	70	1150	0	0	0	1	0	937381	
44996	0	0	65	1150	0	0	0	1	0	937400	
44997	0	0	60	1150	0	0	0	1	0	937420	
44998	0	0	58	1150	0	0	0	1	0	937443	
44999	0	0	54	1150	0	0	0	1	0	937461	
45000	0	0	52	1150	0	0	0	1	0	937480	
45001	0	0	48	1150	0	0	0	1	0	937501	
45002	0	0	44	1150	0	0	0	1	0	937520	
45003	0	0	38	1150	0	0	0	1	0	937542	
45004	0	0	33	1150	0	0	0	1	0	937560	
45005	0	0	25	800	0	0	0	1	0	937581	
45006	0	0	23	800	0	0	0	1	0	937601	
45007	0	0	20	800	0	0	0	1	0	937620	
45008	0	0	17	800	0	0	0	1	0	937641	
45009	0	0	15	800	0	0	0	1	0	937660	
45010	0	0	13	800	0	0	0	1	0	937680	
45011	0	0	12	800	0	0	0	1	0	937702	
45012	0	0	11	800	0	0	0	1	0	937721	
45013	0	0	9	800	0	0	0	1	0	937740	
45014	0	0	8	800	0	0	0	1	0	937760	
45015	0	0	7	800	0	0	0	1	0	937780	
45016	0	0	6	800	0	0	0	1	0	937803	
45017	0	0	5	800	0	0	0	1	0	937821	
45018	0	0	4	800	0	0	0	1	0	937840	
45019	0	0	4	800	0	0	0	1	0	937860	-19.802
45020	0	0	4	800	0	0	0	1	0	937880	-19.808
45021	0	0	4	800	0	0	0	1	0	937902	-19.802
45605	0	-0.06	4	800	0	0	0	1	0	949580	
45606	0	-0.06	4	800	0	0	0	1	0	949600	
45607	0	-0.06	4	800	0	0	0	1	0	949620	
45608	0	-0.072	4	800	0	0	0	1	0	949641	
45609	0	-0.072	3	800	0	0	0	1	0	949660	
45617	0	-0.08	3	800	0	0	0	1	0	949820	
45618	0	-0.08	3	800	0	0	0	1	0	949841	
45619	0	-0.094	3	800	0	0	0	1	0	949860	
45620	0	-0.094	3	800	0	0	0	1	0	949884	
45621	0	-0.094	3	800	0	0	0	1	0	949900	
45630	0	-0.104	2	800	0	0	0	1	0	950081	
45631	0	-0.104	2	800	0	0	0	1	0	950100	
45632	0	-0.104	2	800	0	0	0	1	0	950120	
45635	0	-0.12	2	800	0	0	0	1	0	950180	
45636	0	-0.12	1	800	0	0	0	1	0	950200	
45637	0	-0.12	1	800	0	0	0	1	0	950221	
45638	0	-0.131	1	800	0	0	0	1	0	950242	
45639	0	-0.131	1	800	0	0	0	1	0	950260	
45642	0	-0.131	1	800	0	0	0	1	0	950321	
45643	0	-0.149	1	800	0	0	0	1	0	950340	
45644	0	-0.149	0	800	0	0	0	1	0	950361	
45645	0	-0.149	0	800	0	0	0	1	0	950380	
45646	0	-0.149	0	800	0	0	0	1	0	950400	
45647	0	-0.149	0	800	0	0	0	1	0	950420	
45648	0	-0.16	0	800	0	0	0	1	0	950441	
45649	0	-0.16	0	800	0	0	0	1	0	950460	
45650	0	-0.16	0	800	0	0	0	1	0	950480	
45651	0	-0.17	0	800	0	0	0	1	0	950501	
45652	0	-0.17	0	800	0	0	0	1	0	950520	
45653	0	-0.17	0	800	0	0	0	1	0	950542	
45654	0	-0.17	0	800	0	0	0	1	0	950560	
45655	0	-0.175	0	800	0	0	0	1	0	950581	
45656	0	-0.175	0	800	0	0	0	1	0	950601	
45657	0	-0.175	0	800	0	0	0	1	0	950620	
45658	0	-0.175	0	800	0	0	0	1	0	950641	
45659	0	-0.175	0	800	0	0	0	1	0	950660	
45660	0	-0.175	0	800	0	0	0	1	0	950680	
45661	0	-0.175	0	800	0	0	0	1	0	950701	
45662	0	-0.18	0	800	0	0	0	1	0	950721	
45663	0	-0.18	0	800	0	0	0	1	0	950740	
45664	0	-0.18	0	800	0	0	0	1	0	950760	
45665	0	-0.18	0	800	0	0	0	1	0	950781	
45666	0	-0.18	0	800	0	0	0	1	0	950800	
45667	0	-0.18	0	800	0	0	0	1	0	950820	
45668	0	-0.18	0	800	0	0	0	1	0	950840	
45669	0	-0.18	0	800	0	0	0	1	0	950860	
45670	0	-0.18	0	800	0	0	0	1	0	950880	
45671	0	-0.18	0	800	0	0	0	1	0	950900	
45672	0	-0.18	0	800	0	0	0	1	0	950920	
45673	0	-0.18	0	800	0	0	0	1	0	950940	
45674	0	-0.18	0	800	0	0	0	1	0	950960	
45675	0	-0.18	0	800	0	0	0	1	0	950981	
45676	0	-0.18	0	800	0	0	0	1	0	951000	
45677	0	-0.18	0	800	0	0	0	1	0	951020	
45678	0	-0.18	0	800	0	0	0	1	0	951040	
45679	0	-0.18	0	800	0	0	0	1	0	951061	
45680	0	-0.18	0	800	0	0	0	1	0	951080	
45681	0	-0.18	0	800	0	0	0	1	0	951101	
45682	0	-0.18	0	800	0	0	0	1	0	951120	
45683	0	-0.18	0	800	0	0	0	1	0	951141	
45684	0	-0.18	0	800	0	0	0	1	0	951160	
45685	0	-0.18	0	800	0	0	0	1	0	951181	
45686	0	-0.18	0	800	0	0	0	1	0	951200	
45687	0	-0.18	0	800	0	0	0	1	0	951221	
45688	0	-0.18	0	800	0	0	0	1	0	951240	
45689	0	-0.18	0	800	0	0	0	1	0	951261	
45690	0	-0.18	0	800	0	0	0	1	0	951281	
45691	0	-0.18	0	800	0	0	0	1	0	951301	
45692	0	-0.18	0	800	0	0	0	1	0	951320	
45693	0	-0.18	0	800	0	0	0	1	0	951344	
45694	0	-0.18	0	800	0	0	0	1	0	951361	
45695	0	-0.18	0	800	0	0	0	1	0	951380	
45696	0	-0.18	0	800	0	0	0	1	0	951400	
45697	0	-0.18	0	800	0	0	0	1	0	951420	
45698	0	-0.18	0	800	0	0	0	1	0	951441	
45699	0	-0.18	0	800	0	0	0	1	0	951461	
45700	0	-0.18	0	800	0	0	0	1	0	951481	
45701	0	-0.18	0	800	0	0	0	1	0	951500	
45702	0	-0.18	0	800	0	0	0	1	0	951521	
45703	0	-0.18	0	800	0	0	0	1	0	951540	
45704	0	-0.19	0	800	0	0	0	1	0	951560	
45705	0	-0.19	0	800	0	0	0	1	0	951581	
45706	0	-0.19	0	800	0	0	0	1	0	951600	
45707	0	-0.19	0	800	0	0	0	1	0	951620	
45708	0	-0.19	0	800	1	0	0	1	0	951640	
45709	0	-0.19	0	800	1	0	0	1	0	951660	
45710	0	-0.19	0	800	1	0	0	1	0	951680	
45711	0	-0.19	0	800	1	0	0	1	0	951700	
45712	0	-0.19	0	800	1	0	0	1	0	951720	
45713	0	-0.19	0	800	1	0	0	1	0	951740	
45714	0	-0.19	0	800	1	0	0	1	0	951760	
45715	0	-0.19	0	800	1	0	0	1	0	951780	
45716	0	-0.19	0	800	1	0	0	1	0	951800	
45717	0	-0.19	0	800	1	0	0	1	0	951820	
45718	0	-0.19	0	800	1	0	0	1	0	951840	
45719	0	-0.19	0	800	1	0	0	1	0	951860	
45720	0	-0.19	0	800	1	0	0	1	0	951880	
45721	0	-0.19	0	800	1	0	0	1	0	951900	
45722	0	-0.19	0	800	1	0	0	1	0	951922	
45723	0	-0.19	0	800	1	0	0	1	0	951940	
45724	0	-0.19	0	800	1	0	0	1	0	951961	
45725	0	-0.19	0	800	1	0	0	1	0	951980	
45726	0	-0.19	0	800	1	0	0	1	0	952001	
45727	0	-0.19	0	800	1	0	0	1	0	952021	
45728	0	-0.19	0	800	1	0	0	1	0	952040	
45729	0	-0.19	0	800	1	0	0	1	0	952060	
45730	0	-0.19	0	800	1	0	0	1	0	952080	
45731	0	-0.19	0	800	1	0	0	1	0	952100	
45732	0	-0.18	0	800	1	0	0	1	0	952120	
45733	0	-0.18	0	800	1	0	0	1	0	952141	
45734	0	-0.18	0	800	1	0	0	1	0	952160	
45735	0	-0.17	0	800	1	0	0	1	0	952180	
45736	0	-0.17	0	800	1	0	0	1	0	952202	
45737	0	-0.16	0	800	1	0	0	1	0	952220	
45738	0	-0.16	0	800	1	0	0	1	0	952240	
45739	0	-0.149	0	800	1	0	0	1	0	952260	
45740	0	-0.149	0	800	1	0	0	1	0	952280	
45741	0	-0.104	0	800	1	0	0	1	0	952300	
45742	0	-0.072	0	800	1	0	0	1	0	952321	
45743	0	-0.072	0	800	1	0	0	1	0	952340	
45744	0	-0.072	0	800	1	0	0	1	0	952360	
45745	0	-0.042	0	800	1	0	0	1	0	952381	
45746	0	-0.033	0	800	1	0	0	1	0	952400	
45747	0	-0.02	0	800	0	0	0	1	0	952420	
45748	0	-0.02	0	800	0	0	0	1	0	952440	
45749	0	-0.01	0	800	0	0	0	1	0	952460	
45750	0	-0.01	0	800	0	0	0	1	0	952480	
45751	0	-0.008	0	800	0	0	0	1	0	952501	
45832	0	0	0	160	0	0	0	1	0	954120	
45832	0	0	0	160	0	0	0	1	0	954120	
45832	0	0	0	160	0	0	0	1	0	954120	
45832	0	0	0	160	0	0	0	1	0	954120	
45832	0	0	0	160	0	0	0	1	0	954120	
45832	0	0	0	160	0	0	0	1	0	954120	
45832	0	0	0	160	0	0	0	1	0	954120	
45832	0	0	0	160	0	0	0	1	0	954120	
45832	0	0	0	160	0	0	0	1	0	954120	
45832	0	0	0	160	0	0	0	1	0	954120	
45832	0	0	0	160	0	0	0	1	0	954120	
45832	0	0	0	160	0	0	0	1	0	954120	
45832	0	0	0	160	0	0	0	1	0	954120	
45832	0	0	0	160	0	0	0	1	0	954120	
45832	0	0	0	160	0	0	0	1	0	954120	
45832	0	0	0	160	0	0	0	1	0	954120	
45832	0	0	0	160	0	0	0	1	0	954120	
45832	0	0	0	160	0	0	0	1	0	954120	
45832	0	0	0	160	0	0	0	1	0	954120	
45832	0	0	0	160	0	0	0	1	0	954120	
45841	0	0	0	160	0	0	0	1	0	954300	
45842	0	0	0	161.891	0	0	0	1	0	954320	
45843	0	0	0	185.223	0	0	0	1	0	954340	
45844	0	0	0	212.007	0	0	0	1	0	954360	
45845	0	0	0	242.007	0	0	0	1	0	954381	
45846	0	0	0	242.007	0	0	0	1	0	954400	
45847	0	0	0	272.007	0	0	0	1	0	954420	
45848	0	0	0	302.007	0	0	0	1	0	954440	
45849	0	0	0	332.007	0	0	0	1	0	954460	
45850	0	0	0	332.007	0	0	0	1	0	954480	
45851	0	0	0	362.007	0	0	0	1	0	954500	
45852	0	0	0	386.18	0	0	0	1	0	954521	
45853	0	0	0	400	0	0	0	1	0	954542	
45854	0	0	0	400	0	0	0	1	0	954560	
46015	0	0	8	400	0	0	0	1	0	957780	
46016	0	0	20	400	0	0	0	1	0	957800	
46024	0	0	38	400	0	0	0	1	0	957960	
46025	0	0	38	400	0	0	0	1	0	957981	
46030	0	0	48	400	0	0	0	1	0	958080	
46031	0	0	58	400	0	0	0	1	0	958100	
46039	0	0	68	400	0	0	0	1	0	958261	
46040	0	0	68	400	0	0	0	1	0	958283	
46041	0	0	90	400	0	0	0	1	0	958301	
46046	0	0	90	400	0	0	0	1	0	958400	
46047	0	0	90	400	0	0	0	1	0	958420	
46048	0	0	90	400	0	0	0	1	0	958440	
46053	0	0	90	400	0	0	0	1	0	958540	
46065	0	0	90	400	0	0	0	1	0	958781	
46066	0	0	90	400	0	0	0	1	0	958800	
46085	0.005	0	90	400	0	0	0	1	0	959181	
46086	0.005	0	90	400	0	0	0	1	0	959200	
46087	0.01	0	90	400	0	0	0	1	0	959221	
46088	0.027	0	90	400	0	0	0	1	0	959240	
46089	0.076	0	90	400	0	0	0	1	0	959260	
46090	0.076	0	90	400	0	0	0	1	0	959280	
46091	0.126	0	90	400	0	0	0	1	0	959303	
46092	0.126	0	90	400	0	0	0	1	0	959320	
46093	0.137	0	90	400	0	0	0	1	0	959340	
46094	0.181	0	90	400	0	0	0	1	0	959360	
46095	0.181	0	90	400	0	0	0	1	0	959381	
46096	0.216	0	90	400	0	0	0	1	0	959400	
46097	0.262	0	90	400	0	0	0	1	0	959421	
46098	0.262	0	90	400	0	0	0	1	0	959440	
46099	0.262	0	90	400	0	0	0	1	0	959460	
46100	0.262	0	90	400	0	0	0	1	0	959481	
46101	0.262	0	90	400	0	0	0	1	0	959500	
46102	0.278	0	90	400	0	0	0	1	0	959521	
46103	0.278	0	90	400	0	0	0	1	0	959540	
46104	0.278	0	90	400	0	0	0	1	0	959560	
46105	0.278	0	90	400	0	0	0	1	0	959580	
46106	0.278	0	90	400	0	0	0	1	0	959600	
46107	0.278	0	90	400	0	0	0	1	0	959620	
46108	0.278	0	90	400	0	0	0	1	0	959640	
46109	0.278	0	90	400	0	0	0	1	0	959660	
46110	0.278	0	90	400	0	0	0	1	0	959681	
46111	0.278	0	90	400	0	0	0	1	0	959701	
46112	0.278	0	90	400	0	0	0	1	0	959720	
46113	0.278	0	90	400	0	0	0	1	0	959741	
46114	0.278	0	90	400	0	0	0	1	0	959760	
46115	0.278	0	90	400	0	0	0	1	0	959783	
46116	0.278	0	90	400	0	0	0	1	0	959800	
46117	0.278	0	90	400	0	0	0	1	0	959820	
46118	0.278	0	90	400	0	0	0	1	0	959840	
46119	0.3	0	90	400	0	0	0	1	0	959860	
46120	0.3	0	90	400	0	0	0	1	0	959880	
46121	0.3	0	90	400	0	0	0	1	0	959900	
46122	0.3	0	90	400	0	0	0	1	0	959920	
46123	0.3	0	90	400	0	0	0	1	0	959941	
46124	0.3	0	90	400	0	0	0	1	0	959961	
46125	0.3	0	90	400	0	0	0	1	0	959980	
46126	0.3	0	90	400	0	0	0	1	0	960001	
46127	0.3	0	90	400	0	0	0	1	0	960020	
46128	0.3	0	90	400	0	0	0	1	0	960041	
46129	0.3	0	90	400	0	0	0	1	0	960062	
46130	0.3	0	90	400	0	0	0	1	0	960080	
46131	0.3	0	90	400	0	0	0	1	0	960100	
46132	0.3	0	90	400	0	0	0	1	0	960120	
46133	0.3	0	90	400	0	0	0	1	0	960143	
46134	0.278	0	90	400	0	0	0	1	0	960160	
46135	0.278	0	90	400	0	0	0	1	0	960181	
46136	0.278	0	90	400	0	0	0	1	0	960200	
46137	0.278	0	90	400	0	0	0	1	0	960220	
46138	0.278	0	90	400	0	0	0	1	0	960242	
46139	0.278	0	90	400	0	0	0	1	0	960260	
46140	0.278	0	90	400	0	0	0	1	0	960280	
46141	0.278	0	90	400	0	0	0	1	0	960300	
46142	0.278	0	90	400	0	0	0	1	0	960322	
46143	0.278	0	90	400	0	0	0	1	0	960344	
46144	0.278	0	90	400	0	0	0	1	0	960361	
46145	0.278	0	90	400	0	0	0	1	0	960381	
46146	0.278	0	90	400	0	0	0	1	0	960400	
46147	0.278	0	90	400	0	0	0	1	0	960420	
46148	0.278	0	90	400	0	0	0	1	0	960441	
46149	0.278	0	90	400	0	0	0	1	0	960460	
46150	0.278	0	90	400	0	0	0	1	0	960481	
46151	0.278	0	90	400	0	0	0	1	0	960500	
46152	0.278	0	90	400	0	0	0	1	0	960520	
46153	0.278	0	90	400	0	0	0	1	0	960541	
46154	0.278	0	90	400	0	0	0	1	0	960560	
46155	0.278	0	90	400	0	0	0	1	0	960580	
46156	0.278	0	90	400	0	0	0	1	0	960600	
46157	0.278	0	90	400	0	0	0	1	0	960620	
46158	0.278	0	90	400	0	0	0	1	0	960640	
46159	0.278	0	90	400	0	0	0	1	0	960660	
46160	0.278	0	90	400	0	0	0	1	0	960680	
46161	0.278	0	90	400	0	0	0	1	0	960700	
46162	0.278	0	90	400	0	0	0	1	0	960720	
46163	0.278	0	90	400	0	0	0	1	0	960740	
46164	0.278	0	90	400	0	0	0	1	0	960760	
46165	0.278	0	90	400	0	0	0	1	0	960780	
46166	0.278	0	90	400	0	0	0	1	0	960800	
46167	0.278	0	90	400	0	0	0	1	0	960821	
46168	0.278	0	90	400	0	0	0	1	0	960840	
46169	0.278	0	90	400	0	0	0	1	0	960861	
46170	0.278	0	90	400	0	0	0	1	0	960880	
46171	0.278	0	90	400	0	0	0	1	0	960900	
46172	0.278	0	90	400	0	0	0	1	0	960920	
46173	0.278	0	90	400	0	0	0	1	0	960940	
46174	0.278	0	90	400	0	0	0	1	0	960960	
46175	0.278	0	90	400	0	0	0	1	0	960981	
46176	0.278	0	90	400	0	0	0	1	0	961000	
46177	0.278	0	90	400	0	0	0	1	0	961021	
46178	0.278	0	90	400	0	0	0	1	0	961040	
46179	0.278	0	90	400	0	0	0	1	0	961061	
46180	0.278	0	90	400	0	0	0	1	0	961080	
46181	0.278	0	90	400	0	0	0	1	0	961101	
46182	0.278	0	90	400	0	0	0	1	0	961121	
46183	0.278	0	90	400	0	0	0	1	0	961141	
46184	0.278	0	90	400	0	0	0	1	0	961161	
46185	0.278	0	90	400	0	0	0	1	0	961181	
46186	0.278	0	90	400	0	0	0	1	0	961200	
46187	0.278	0	90	400	0	0	0	1	0	961221	
46188	0.278	0	90	400	0	0	0	1	0	961240	
46189	0.278	0	90	400	0	0	0	1	0	961261	
46190	0.278	0	90	400	0	0	0	1	0	961281	
46191	0.278	0	90	400	0	0	0	1	0	961301	
46192	0.278	0	90	400	0	0	0	1	0	961321	
46193	0.278	0	90	400	0	0	0	1	0	961340	
46194	0.278	0	90	400	0	0	0	1	0	961360	
46195	0.278	0	90	400	0	0	0	1	0	961380	
46196	0.278	0	90	400	0	0	0	1	0	961401	
46197	0.278	0	90	400	0	0	0	1	0	961420	
46198	0.278	0	90	400	0	0	0	1	0	961441	
46199	0.278	0	90	400	0	1	0	1	0	961461	
46200	0.278	0	90	400	0	1	0	1	0	961480	
46201	0.278	0	90	400	0	1	0	1	0	961500	
46202	0.278	0	90	400	0	1	0	1	0	961520	
46203	0.278	0	90	400	0	1	0	1	0	961541	
46204	0.278	0	90	400	0	1	0	1	0	961560	
46205	0.278	0	90	400	0	1	0	1	0	961580	
46206	0.278	0	90	400	0	1	0	1	0	961600	
46207	0.278	0	90	400	0	1	0	1	0	961621	
46208	0.278	0	90	400	0	1	0	1	0	961640	
46209	0.278	0	90	400	0	1	0	1	0	961661	
46210	0.278	0	90	400	0	1	0	1	0	961680	
46211	0.278	0	90	0	0	1	0	1	0	961700	
46212	0.278	0	90	0	0	1	0	1	0	961720	
46213	0.262	0	90	0	0	1	0	1	0	961740	
46214	0.262	0	90	0	0	1	0	1	0	961761	
46215	0.262	0	90	0	0	1	0	1	0	961781	
46361	0	0	90	0	0	1	0	1	0	964700	
46362	0	0	90	0	0	1	0	1	0	964720	
46363	0	0	90	0	0	1	0	1	0	964741	
46364	0	0	90	0	0	1	0	1	0	964760	
46365	-1	0	90	0	0	1	0	1	0	964780	
46366	-1	0	90	0	0	1	0	1	0	964801	
46367	-1	0	90	0	0	1	0	1	0	964820	
46368	-1	0	90	0	0	1	0	1	0	964841	
46369	-1	0	90	0	0	1	0	1	0	964861	
46370	-1	0	90	0	0	1	0	1	0	964880	
46371	-1	0	90	0	0	0	0	1	0	964900	
46372	-1	0	90	0	0	0	0	1	0	964920	
46373	-1	0	90	0	0	0	0	1	0	964940	
46374	-1	0	90	0	0	0	0	1	0	964940	
46375	-1	0	90	0	0	0	0	1	0	964940	
46376	-1	0	90	0	0	0	0	1	0	964940	
46377	-1	0	90	0	0	0	0	1	0	964940	
46378	-1	0	90	0	0	0	0	1	0	964940	
46379	-1	0	90	0	0	0	0	1	0	964940	
46380	-1	0	90	0	0	0	0	1	0	964940	
46381	0	0	0	0	0	0	0	1	1	965100	
46382	0	0	0	0	0	0	0	1	1	965120	
46383	0	0	0	0	0	0	0	1	1	965141	
46384	0	0	0	0	0	0	0	1	1	965160	
46385	0	0	0	0	0	0	0	1	1	965180	
46386	0	0	0	0	0	0	0	1	1	965200	
46387	0	0	0	0	0	0	0	1	1	965220	
46388	0	0	0	0	0	0	0	1	1	965240	
46389	0	0	0	0	0	0	0	1	1	965261	
46390	0	0	0	0	0	0	0	1	1	965280	
46391	0	0	0	0	0	0	0	1	1	965301	
46392	0	0	0	0	0	0	0	1	1	965320	
46393	0	0	0	0	0	0	0	1	1	965341	
46394	0	0	0	0	0	0	0	1	1	965361	
46395	0	0	0	0	0	0	0	1	1	965380	
46396	0	0	0	0	0	0	0	1	1	965401	
46397	0	0	0	0	0	0	0	1	1	965420	
46398	0	0	0	0	0	0	0	1	1	965442	
46399	0	0	0	0	0	0	0	1	1	965460	
46400	0	0	0	0	0	0	0	1	1	965480	
46401	0	0	0	0	0	0	0	1	1	965500	
46402	0	0	0	0	0	0	0	1	1	965520	
46403	0	0	0	0	0	0	0	1	1	965540	
46404	0	0	0	0	0	0	0	1	1	965560	
46405	0	0	0	0	0	0	0	1	1	965581	
46406	0	0	0	0	0	0	0	1	1	965600	
46407	0	0	0	0	0	0	0	1	1	965620	
46408	0	0	0	0	0	0	0	1	1	965640	
46409	0	0	0	0	0	0	0	1	1	965660	
46410	0	0	0	0	0	0	0	1	1	965680	
46411	0	0	0	0	0	0	0	1	1	965700	
